D:\programs\python27\python.exe "D:/programs/PyCharm 2020.1.2/projects/graphTraversal/handle/main.py"
('the number of sensitive path---numSPcol:', 12)
webchess has 14 states and  36 transitions
('start transition:', ['T1', 'T2'])
('end transition:', ['T7', 'T10', 'T25', 'T26'])
新一轮开始： 0
种群为：
['T2', 'T4']
['T1', 'T15', 'T10']
['T2', 'T4', 'T3']
['T1', 'T11', 'T28']
['T1', 'T5', 'T6', 'T7']
['T1', 'T5', 'T27', 'T26']
['T1', 'T12', 'T30', 'T26']
['T2', 'T4', 'T3', 'T8']
['T1', 'T11', 'T28', 'T27', 'T28']
['T1', 'T13', 'T35', 'T36', 'T35']
['T1', 'T12', 'T18', 'T21', 'T12']
['T1', 'T5', 'T27', 'T28', 'T6', 'T7']
['T1', 'T12', 'T30', 'T28', 'T27', 'T26']
['T1', 'T9', 'T33', 'T20', 'T14', 'T11', 'T26']
['T1', 'T5', 'T27', 'T29', 'T23', 'T24', 'T10']
['T1', 'T11', 'T29', 'T31', 'T32', 'T30', 'T29']
['T1', 'T15', 'T12', 'T18', 'T21', 'T13', 'T19', 'T9']
['T1', 'T11', 'T28', 'T27', 'T29', 'T18', 'T21', 'T13']
第 1 个测试用例 ['T2', 'T4'] 2
('\xe5\xbd\x93\xe5\x89\x8d\xe8\xbf\x81\xe7\xa7\xbb\xe4\xb8\x8a\xe5\x8e\x9f\xe5\xa7\x8b\xe5\xae\x9a\xe4\xb9\x89\xe5\x8f\x98\xe9\x87\x8foriginaDef', ['txtFirstName', 'txtLastName', 'txtNick', 'pwdPassword', 'pwdPassword2', 'rdoHistory', 'rdoHistorylayout', 'rdoTheme', 'txtReload'])
T2
T4
endTime - startTime运行该测试用例用时:	0:00:02.904000
该测试用例覆盖的路径fit {'echo1': 0.0, 'echo2': 0.0, 'echo3': 0.0}
('the number of sensitive path---numSPcol:', 12)
[2.0, 2.0, 2.0, 2.0, 2.0, 2.0, 2.0, 2.0, 0.0, 0.0, 0.0, 2.0] 3 个体覆盖率 0.25
第 2 个测试用例 ['T1', 'T15', 'T10'] 3
('\xe5\xbd\x93\xe5\x89\x8d\xe8\xbf\x81\xe7\xa7\xbb\xe4\xb8\x8a\xe5\x8e\x9f\xe5\xa7\x8b\xe5\xae\x9a\xe4\xb9\x89\xe5\x8f\x98\xe9\x87\x8foriginaDef', ['txtNick', 'pwdPassword'])
T1
T15
T10
endTime - startTime运行该测试用例用时:	0:00:05.907000
该测试用例覆盖的路径fit {'login': 0.0}
('the number of sensitive path---numSPcol:', 12)
[2.0, 2.0, 0.0, 2.0, 2.0, 2.0, 2.0, 2.0, 2.0, 2.0, 2.0, 2.0] 1 个体覆盖率 0.0833333333333
第 3 个测试用例 ['T2', 'T4', 'T3'] 3
('\xe5\xbd\x93\xe5\x89\x8d\xe8\xbf\x81\xe7\xa7\xbb\xe4\xb8\x8a\xe5\x8e\x9f\xe5\xa7\x8b\xe5\xae\x9a\xe4\xb9\x89\xe5\x8f\x98\xe9\x87\x8foriginaDef', ['txtFirstName', 'txtLastName', 'txtNick', 'pwdPassword', 'pwdPassword2', 'rdoHistory', 'rdoHistorylayout', 'rdoTheme', 'txtReload', 'txtFirstName', 'txtLastName', 'txtNick', 'pwdPassword', 'pwdPassword2', 'rdoHistory', 'rdoHistorylayout', 'rdoTheme', 'txtReload'])
T2
T4
T3
endTime - startTime运行该测试用例用时:	0:00:06.165000
该测试用例覆盖的路径fit {'echo3': 0.0, 'reload': 0.0, 'echo1': 0.0, 'echo2': 0.0, 'samename': 0.0, 'login': 0.0}
('the number of sensitive path---numSPcol:', 12)
[0.0, 0.0, 0.0, 2.0, 2.0, 2.0, 2.0, 2.0, 0.0, 0.0, 0.0, 2.0] 6 个体覆盖率 0.5
第 4 个测试用例 ['T1', 'T11', 'T28'] 3
('\xe5\xbd\x93\xe5\x89\x8d\xe8\xbf\x81\xe7\xa7\xbb\xe4\xb8\x8a\xe5\x8e\x9f\xe5\xa7\x8b\xe5\xae\x9a\xe4\xb9\x89\xe5\x8f\x98\xe9\x87\x8foriginaDef', ['txtNick', 'pwdPassword'])
T1
T11
T28
endTime - startTime运行该测试用例用时:	0:00:06.122000
该测试用例覆盖的路径fit {'login': 0.0}
('the number of sensitive path---numSPcol:', 12)
[2.0, 2.0, 0.0, 2.0, 2.0, 2.0, 2.0, 2.0, 2.0, 2.0, 2.0, 2.0] 1 个体覆盖率 0.0833333333333
第 5 个测试用例 ['T1', 'T5', 'T6', 'T7'] 4
('\xe5\xbd\x93\xe5\x89\x8d\xe8\xbf\x81\xe7\xa7\xbb\xe4\xb8\x8a\xe5\x8e\x9f\xe5\xa7\x8b\xe5\xae\x9a\xe4\xb9\x89\xe5\x8f\x98\xe9\x87\x8foriginaDef', ['txtNick', 'pwdPassword'])
T1
T5
T6
endTime - startTime运行该测试用例用时:	0:00:34.871000
该测试用例覆盖的路径fit {'login': 0.0}
('the number of sensitive path---numSPcol:', 12)
[2.0, 2.0, 0.0, 2.0, 2.0, 2.0, 2.0, 2.0, 2.0, 2.0, 2.0, 2.0] 1 个体覆盖率 0.0833333333333
第 6 个测试用例 ['T1', 'T5', 'T27', 'T26'] 4
('\xe5\xbd\x93\xe5\x89\x8d\xe8\xbf\x81\xe7\xa7\xbb\xe4\xb8\x8a\xe5\x8e\x9f\xe5\xa7\x8b\xe5\xae\x9a\xe4\xb9\x89\xe5\x8f\x98\xe9\x87\x8foriginaDef', ['txtNick', 'pwdPassword'])
T1
T5
T27
T26
endTime - startTime运行该测试用例用时:	0:00:07.313000
该测试用例覆盖的路径fit {'login': 0.0}
('the number of sensitive path---numSPcol:', 12)
[2.0, 2.0, 0.0, 2.0, 2.0, 2.0, 2.0, 2.0, 2.0, 2.0, 2.0, 2.0] 1 个体覆盖率 0.0833333333333
第 7 个测试用例 ['T1', 'T12', 'T30', 'T26'] 4
('\xe5\xbd\x93\xe5\x89\x8d\xe8\xbf\x81\xe7\xa7\xbb\xe4\xb8\x8a\xe5\x8e\x9f\xe5\xa7\x8b\xe5\xae\x9a\xe4\xb9\x89\xe5\x8f\x98\xe9\x87\x8foriginaDef', ['txtNick', 'pwdPassword'])
T1
T12
T30
T26
endTime - startTime运行该测试用例用时:	0:00:07.188000
该测试用例覆盖的路径fit {'login': 0.0}
('the number of sensitive path---numSPcol:', 12)
[2.0, 2.0, 0.0, 2.0, 2.0, 2.0, 2.0, 2.0, 2.0, 2.0, 2.0, 2.0] 1 个体覆盖率 0.0833333333333
第 8 个测试用例 ['T2', 'T4', 'T3', 'T8'] 4
('\xe5\xbd\x93\xe5\x89\x8d\xe8\xbf\x81\xe7\xa7\xbb\xe4\xb8\x8a\xe5\x8e\x9f\xe5\xa7\x8b\xe5\xae\x9a\xe4\xb9\x89\xe5\x8f\x98\xe9\x87\x8foriginaDef', ['txtFirstName', 'txtLastName', 'txtNick', 'pwdPassword', 'pwdPassword2', 'rdoHistory', 'rdoHistorylayout', 'rdoTheme', 'txtReload', 'txtFirstName', 'txtLastName', 'txtNick', 'pwdPassword', 'pwdPassword2', 'rdoHistory', 'rdoHistorylayout', 'rdoTheme', 'txtReload'])
T2
T4
T3
T8
endTime - startTime运行该测试用例用时:	0:00:07.586000
该测试用例覆盖的路径fit {'echo3': 0.0, 'reload': 0.0, 'echo1': 0.0, 'echo2': 0.0, 'samename': 0.0, 'login': 0.0}
('the number of sensitive path---numSPcol:', 12)
[0.0, 0.0, 0.0, 2.0, 2.0, 2.0, 2.0, 2.0, 0.0, 0.0, 0.0, 2.0] 6 个体覆盖率 0.5
第 9 个测试用例 ['T1', 'T11', 'T28', 'T27', 'T28'] 5
('\xe5\xbd\x93\xe5\x89\x8d\xe8\xbf\x81\xe7\xa7\xbb\xe4\xb8\x8a\xe5\x8e\x9f\xe5\xa7\x8b\xe5\xae\x9a\xe4\xb9\x89\xe5\x8f\x98\xe9\x87\x8foriginaDef', ['txtNick', 'pwdPassword'])
T1
T11
T28
T27
T28
endTime - startTime运行该测试用例用时:	0:00:08.794000
该测试用例覆盖的路径fit {'login': 0.0}
('the number of sensitive path---numSPcol:', 12)
[2.0, 2.0, 0.0, 2.0, 2.0, 2.0, 2.0, 2.0, 2.0, 2.0, 2.0, 2.0] 1 个体覆盖率 0.0833333333333
第 10 个测试用例 ['T1', 'T13', 'T35', 'T36', 'T35'] 5
('\xe5\xbd\x93\xe5\x89\x8d\xe8\xbf\x81\xe7\xa7\xbb\xe4\xb8\x8a\xe5\x8e\x9f\xe5\xa7\x8b\xe5\xae\x9a\xe4\xb9\x89\xe5\x8f\x98\xe9\x87\x8foriginaDef', ['txtNick', 'pwdPassword'])
T1
T13
T35
T36
T35
endTime - startTime运行该测试用例用时:	0:00:08.702000
该测试用例覆盖的路径fit {'login': 0.0}
('the number of sensitive path---numSPcol:', 12)
[2.0, 2.0, 0.0, 2.0, 2.0, 2.0, 2.0, 2.0, 2.0, 2.0, 2.0, 2.0] 1 个体覆盖率 0.0833333333333
第 11 个测试用例 ['T1', 'T12', 'T18', 'T21', 'T12'] 5
('\xe5\xbd\x93\xe5\x89\x8d\xe8\xbf\x81\xe7\xa7\xbb\xe4\xb8\x8a\xe5\x8e\x9f\xe5\xa7\x8b\xe5\xae\x9a\xe4\xb9\x89\xe5\x8f\x98\xe9\x87\x8foriginaDef', ['txtNick', 'pwdPassword', 'player', 'txtTitle', 'txtMessage'])
T1
T12
T18
T21
T12
endTime - startTime运行该测试用例用时:	0:00:18.393000
该测试用例覆盖的路径fit {'login': 0.0, 'sendmessage': 0.0}
('the number of sensitive path---numSPcol:', 12)
[2.0, 2.0, 0.0, 2.0, 2.0, 2.0, 2.0, 2.0, 2.0, 2.0, 2.0, 0.0] 2 个体覆盖率 0.166666666667
第 12 个测试用例 ['T1', 'T5', 'T27', 'T28', 'T6', 'T7'] 6
('\xe5\xbd\x93\xe5\x89\x8d\xe8\xbf\x81\xe7\xa7\xbb\xe4\xb8\x8a\xe5\x8e\x9f\xe5\xa7\x8b\xe5\xae\x9a\xe4\xb9\x89\xe5\x8f\x98\xe9\x87\x8foriginaDef', ['txtNick', 'pwdPassword'])
T1
T5
T27
T28
T6
endTime - startTime运行该测试用例用时:	0:00:37.468000
该测试用例覆盖的路径fit {'login': 0.0}
('the number of sensitive path---numSPcol:', 12)
[2.0, 2.0, 0.0, 2.0, 2.0, 2.0, 2.0, 2.0, 2.0, 2.0, 2.0, 2.0] 1 个体覆盖率 0.0833333333333
第 13 个测试用例 ['T1', 'T12', 'T30', 'T28', 'T27', 'T26'] 6
('\xe5\xbd\x93\xe5\x89\x8d\xe8\xbf\x81\xe7\xa7\xbb\xe4\xb8\x8a\xe5\x8e\x9f\xe5\xa7\x8b\xe5\xae\x9a\xe4\xb9\x89\xe5\x8f\x98\xe9\x87\x8foriginaDef', ['txtNick', 'pwdPassword'])
T1
T12
T30
T28
T27
T26
endTime - startTime运行该测试用例用时:	0:00:09.663000
该测试用例覆盖的路径fit {'login': 0.0}
('the number of sensitive path---numSPcol:', 12)
[2.0, 2.0, 0.0, 2.0, 2.0, 2.0, 2.0, 2.0, 2.0, 2.0, 2.0, 2.0] 1 个体覆盖率 0.0833333333333
第 14 个测试用例 ['T1', 'T9', 'T33', 'T20', 'T14', 'T11', 'T26'] 7
('\xe5\xbd\x93\xe5\x89\x8d\xe8\xbf\x81\xe7\xa7\xbb\xe4\xb8\x8a\xe5\x8e\x9f\xe5\xa7\x8b\xe5\xae\x9a\xe4\xb9\x89\xe5\x8f\x98\xe9\x87\x8foriginaDef', ['txtNick', 'pwdPassword'])
T1
T9
T33
T20
T14
T11
T26
endTime - startTime运行该测试用例用时:	0:00:12.921000
该测试用例覆盖的路径fit {'login': 0.0}
('the number of sensitive path---numSPcol:', 12)
[2.0, 2.0, 0.0, 2.0, 2.0, 2.0, 2.0, 2.0, 2.0, 2.0, 2.0, 2.0] 1 个体覆盖率 0.0833333333333
第 15 个测试用例 ['T1', 'T5', 'T27', 'T29', 'T23', 'T24', 'T10'] 7
('\xe5\xbd\x93\xe5\x89\x8d\xe8\xbf\x81\xe7\xa7\xbb\xe4\xb8\x8a\xe5\x8e\x9f\xe5\xa7\x8b\xe5\xae\x9a\xe4\xb9\x89\xe5\x8f\x98\xe9\x87\x8foriginaDef', ['txtNick', 'pwdPassword'])
T1
T5
T27
T29
T23
endTime - startTime运行该测试用例用时:	0:00:37.282000
该测试用例覆盖的路径fit {'login': 0.0}
('the number of sensitive path---numSPcol:', 12)
[2.0, 2.0, 0.0, 2.0, 2.0, 2.0, 2.0, 2.0, 2.0, 2.0, 2.0, 2.0] 1 个体覆盖率 0.0833333333333
第 16 个测试用例 ['T1', 'T11', 'T29', 'T31', 'T32', 'T30', 'T29'] 7
('\xe5\xbd\x93\xe5\x89\x8d\xe8\xbf\x81\xe7\xa7\xbb\xe4\xb8\x8a\xe5\x8e\x9f\xe5\xa7\x8b\xe5\xae\x9a\xe4\xb9\x89\xe5\x8f\x98\xe9\x87\x8foriginaDef', ['txtNick', 'pwdPassword'])
T1
T11
T29
T31
T32
T30
T29
endTime - startTime运行该测试用例用时:	0:00:11.224000
该测试用例覆盖的路径fit {'login': 0.0}
('the number of sensitive path---numSPcol:', 12)
[2.0, 2.0, 0.0, 2.0, 2.0, 2.0, 2.0, 2.0, 2.0, 2.0, 2.0, 2.0] 1 个体覆盖率 0.0833333333333
第 17 个测试用例 ['T1', 'T15', 'T12', 'T18', 'T21', 'T13', 'T19', 'T9'] 8
('\xe5\xbd\x93\xe5\x89\x8d\xe8\xbf\x81\xe7\xa7\xbb\xe4\xb8\x8a\xe5\x8e\x9f\xe5\xa7\x8b\xe5\xae\x9a\xe4\xb9\x89\xe5\x8f\x98\xe9\x87\x8foriginaDef', ['txtNick', 'pwdPassword', 'player', 'txtTitle', 'txtMessage', 'opponent', 'color'])
T1
T15
T12
T18
endTime - startTime运行该测试用例用时:	0:00:06.092000
该测试用例覆盖的路径fit {'login': 0.0}
('the number of sensitive path---numSPcol:', 12)
[2.0, 2.0, 0.0, 2.0, 2.0, 2.0, 2.0, 2.0, 2.0, 2.0, 2.0, 2.0] 1 个体覆盖率 0.0833333333333
第 18 个测试用例 ['T1', 'T11', 'T28', 'T27', 'T29', 'T18', 'T21', 'T13'] 8
('\xe5\xbd\x93\xe5\x89\x8d\xe8\xbf\x81\xe7\xa7\xbb\xe4\xb8\x8a\xe5\x8e\x9f\xe5\xa7\x8b\xe5\xae\x9a\xe4\xb9\x89\xe5\x8f\x98\xe9\x87\x8foriginaDef', ['txtNick', 'pwdPassword', 'player', 'txtTitle', 'txtMessage'])
T1
T11
T28
T27
T29
T18
T21
T13
endTime - startTime运行该测试用例用时:	0:00:21.764000
该测试用例覆盖的路径fit {'login': 0.0, 'sendmessage': 0.0}
('the number of sensitive path---numSPcol:', 12)
[2.0, 2.0, 0.0, 2.0, 2.0, 2.0, 2.0, 2.0, 2.0, 2.0, 2.0, 0.0] 2 个体覆盖率 0.166666666667
SVTCM [[1, 0.6111111111111112, 1.8333333333333333, 0.6111111111111112, 0.6111111111111112, 0.6111111111111112, 0.6111111111111112, 1.75, 0.6111111111111112, 0.6111111111111112, 0.3111111111111111, 0.6111111111111112, 0.6111111111111112, 0.6111111111111112, 0.6111111111111112, 0.6111111111111112, 0.25396825396825395, 0.3111111111111111], [0.6111111111111112, 1, 0.6111111111111112, 1.3333333333333333, 1.2916666666666665, 1.2916666666666665, 1.2916666666666665, 0.6111111111111112, 1.2666666666666666, 1.2666666666666666, 0.9666666666666666, 1.25, 1.25, 1.2380952380952381, 1.4761904761904763, 1.2380952380952381, 1.101190476190476, 0.9291666666666666], [1.8333333333333333, 0.6111111111111112, 1, 0.6111111111111112, 0.6111111111111112, 0.6111111111111112, 0.6111111111111112, 1.875, 0.6111111111111112, 0.6111111111111112, 0.3111111111111111, 0.6111111111111112, 0.6111111111111112, 0.6111111111111112, 0.6111111111111112, 0.6111111111111112, 0.25396825396825395, 0.3111111111111111], [0.6111111111111112, 1.3333333333333333, 0.6111111111111112, 1, 1.2916666666666665, 1.2916666666666665, 1.2916666666666665, 0.6111111111111112, 2.0666666666666664, 1.2666666666666666, 0.9666666666666666, 1.5, 1.5, 1.4761904761904763, 1.2380952380952381, 1.4761904761904763, 0.8720238095238094, 1.3875], [0.6111111111111112, 1.2916666666666665, 0.6111111111111112, 1.2916666666666665, 1, 1.5, 1.25, 0.6111111111111112, 1.225, 1.225, 0.9249999999999999, 1.8333333333333333, 1.2083333333333333, 1.1964285714285714, 1.3928571428571428, 1.1964285714285714, 0.8303571428571428, 0.8875], [0.6111111111111112, 1.2916666666666665, 0.6111111111111112, 1.2916666666666665, 1.5, 1, 1.5, 0.6111111111111112, 1.45, 1.225, 0.9249999999999999, 1.625, 1.625, 1.3928571428571428, 1.5892857142857144, 1.1964285714285714, 0.8303571428571428, 1.075], [0.6111111111111112, 1.2916666666666665, 0.6111111111111112, 1.2916666666666665, 1.25, 1.5, 1, 0.6111111111111112, 1.225, 1.225, 1.375, 1.2083333333333333, 1.8333333333333333, 1.3928571428571428, 1.1964285714285714, 1.3928571428571428, 1.0178571428571428, 0.8875], [1.75, 0.6111111111111112, 1.875, 0.6111111111111112, 0.6111111111111112, 0.6111111111111112, 0.6111111111111112, 1, 0.6111111111111112, 0.6111111111111112, 0.3111111111111111, 0.6111111111111112, 0.6111111111111112, 0.6111111111111112, 0.6111111111111112, 0.6111111111111112, 0.25396825396825395, 0.3111111111111111], [0.6111111111111112, 1.2666666666666666, 0.6111111111111112, 2.0666666666666664, 1.225, 1.45, 1.225, 0.6111111111111112, 1, 1.2, 0.8999999999999999, 1.7333333333333334, 1.7333333333333334, 1.342857142857143, 1.342857142857143, 1.342857142857143, 0.8053571428571428, 1.5125], [0.6111111111111112, 1.2666666666666666, 0.6111111111111112, 1.2666666666666666, 1.225, 1.225, 1.225, 0.6111111111111112, 1.2, 1, 0.8999999999999999, 1.1833333333333333, 1.1833333333333333, 1.1714285714285715, 1.1714285714285715, 1.1714285714285715, 0.9678571428571427, 1.025], [0.3111111111111111, 0.9666666666666666, 0.3111111111111111, 0.9666666666666666, 0.9249999999999999, 0.9249999999999999, 1.375, 0.3111111111111111, 0.8999999999999999, 0.8999999999999999, 1, 0.8833333333333333, 1.25, 0.8714285714285714, 0.8714285714285714, 0.8714285714285714, 1.6696428571428572, 1.4875], [0.6111111111111112, 1.25, 0.6111111111111112, 1.5, 1.8333333333333333, 1.625, 1.2083333333333333, 0.6111111111111112, 1.7333333333333334, 1.1833333333333333, 0.8833333333333333, 1, 1.5, 1.1547619047619047, 1.4642857142857144, 1.1547619047619047, 0.788690476190476, 1.1375], [0.6111111111111112, 1.25, 0.6111111111111112, 1.5, 1.2083333333333333, 1.625, 1.8333333333333333, 0.6111111111111112, 1.7333333333333334, 1.1833333333333333, 1.25, 1.5, 1, 1.3095238095238095, 1.3095238095238095, 1.3095238095238095, 0.9345238095238094, 1.1375], [0.6111111111111112, 1.2380952380952381, 0.6111111111111112, 1.4761904761904763, 1.1964285714285714, 1.3928571428571428, 1.3928571428571428, 0.6111111111111112, 1.342857142857143, 1.1714285714285715, 0.8714285714285714, 1.1547619047619047, 1.3095238095238095, 1, 1.1428571428571428, 1.2857142857142856, 0.9107142857142856, 0.9678571428571427], [0.6111111111111112, 1.4761904761904763, 0.6111111111111112, 1.2380952380952381, 1.3928571428571428, 1.5892857142857144, 1.1964285714285714, 0.6111111111111112, 1.342857142857143, 1.1714285714285715, 0.8714285714285714, 1.4642857142857144, 1.3095238095238095, 1.1428571428571428, 1, 1.4285714285714286, 0.7767857142857142, 1.1017857142857141], [0.6111111111111112, 1.2380952380952381, 0.6111111111111112, 1.4761904761904763, 1.1964285714285714, 1.1964285714285714, 1.3928571428571428, 0.6111111111111112, 1.342857142857143, 1.1714285714285715, 0.8714285714285714, 1.1547619047619047, 1.3095238095238095, 1.2857142857142856, 1.4285714285714286, 1, 0.7767857142857142, 1.2357142857142858], [0.25396825396825395, 1.101190476190476, 0.25396825396825395, 0.8720238095238094, 0.8303571428571428, 0.8303571428571428, 1.0178571428571428, 0.25396825396825395, 0.8053571428571428, 0.9678571428571427, 1.6696428571428572, 0.788690476190476, 0.9345238095238094, 0.9107142857142856, 0.7767857142857142, 0.7767857142857142, 1, 1.3571428571428572], [0.3111111111111111, 0.9291666666666666, 0.3111111111111111, 1.3875, 0.8875, 1.075, 0.8875, 0.3111111111111111, 1.5125, 1.025, 1.4875, 1.1375, 1.1375, 0.9678571428571427, 1.1017857142857141, 1.2357142857142858, 1.3571428571428572, 1]]
ICM [[1, 0.2222222222222222, 2.0, 0.2222222222222222, 0.2222222222222222, 0.2222222222222222, 0.2222222222222222, 2.0, 0.2222222222222222, 0.2222222222222222, 0.2222222222222222, 0.2222222222222222, 0.2222222222222222, 0.2222222222222222, 0.2222222222222222, 0.2222222222222222, 0.2222222222222222, 0.2222222222222222], [1.0, 1, 1.0, 1.3333333333333333, 1.3333333333333333, 1.3333333333333333, 1.3333333333333333, 1.0, 1.3333333333333333, 1.3333333333333333, 1.3333333333333333, 1.3333333333333333, 1.3333333333333333, 1.3333333333333333, 1.6666666666666665, 1.3333333333333333, 1.6666666666666665, 1.3333333333333333], [1.6666666666666665, 0.2222222222222222, 1, 0.2222222222222222, 0.2222222222222222, 0.2222222222222222, 0.2222222222222222, 2.0, 0.2222222222222222, 0.2222222222222222, 0.2222222222222222, 0.2222222222222222, 0.2222222222222222, 0.2222222222222222, 0.2222222222222222, 0.2222222222222222, 0.2222222222222222, 0.2222222222222222], [1.0, 1.3333333333333333, 1.0, 1, 1.3333333333333333, 1.3333333333333333, 1.3333333333333333, 1.0, 2.333333333333333, 1.3333333333333333, 1.3333333333333333, 1.6666666666666665, 1.6666666666666665, 1.6666666666666665, 1.3333333333333333, 1.6666666666666665, 1.3333333333333333, 2.0], [1.0, 1.25, 1.0, 1.25, 1, 1.5, 1.25, 1.0, 1.25, 1.25, 1.25, 2.0, 1.25, 1.25, 1.5, 1.25, 1.25, 1.25], [1.0, 1.25, 1.0, 1.25, 1.5, 1, 1.5, 1.0, 1.5, 1.25, 1.25, 1.75, 1.75, 1.5, 1.75, 1.25, 1.25, 1.5], [1.0, 1.25, 1.0, 1.25, 1.25, 1.5, 1, 1.0, 1.25, 1.25, 1.75, 1.25, 2.0, 1.5, 1.25, 1.5, 1.5, 1.25], [1.5, 0.2222222222222222, 1.75, 0.2222222222222222, 0.2222222222222222, 0.2222222222222222, 0.2222222222222222, 1, 0.2222222222222222, 0.2222222222222222, 0.2222222222222222, 0.2222222222222222, 0.2222222222222222, 0.2222222222222222, 0.2222222222222222, 0.2222222222222222, 0.2222222222222222, 0.2222222222222222], [1.0, 1.2, 1.0, 1.8, 1.2, 1.4, 1.2, 1.0, 1, 1.2, 1.2, 1.8, 1.8, 1.4, 1.4, 1.4, 1.2, 2.0], [1.0, 1.2, 1.0, 1.2, 1.2, 1.2, 1.2, 1.0, 1.2, 1, 1.2, 1.2, 1.2, 1.2, 1.2, 1.2, 1.4, 1.4], [0.4, 0.6000000000000001, 0.4, 0.6000000000000001, 0.6000000000000001, 0.6000000000000001, 1.0, 0.4, 0.6000000000000001, 0.6000000000000001, 1, 0.6000000000000001, 1.0, 0.6000000000000001, 0.6000000000000001, 0.6000000000000001, 2.0, 1.6], [1.0, 1.1666666666666667, 1.0, 1.3333333333333333, 1.6666666666666665, 1.5, 1.1666666666666667, 1.0, 1.6666666666666665, 1.1666666666666667, 1.1666666666666667, 1, 1.5, 1.1666666666666667, 1.5, 1.1666666666666667, 1.1666666666666667, 1.5], [1.0, 1.1666666666666667, 1.0, 1.3333333333333333, 1.1666666666666667, 1.5, 1.6666666666666665, 1.0, 1.6666666666666665, 1.1666666666666667, 1.5, 1.5, 1, 1.3333333333333333, 1.3333333333333333, 1.3333333333333333, 1.3333333333333333, 1.5], [1.0, 1.1428571428571428, 1.0, 1.2857142857142856, 1.1428571428571428, 1.2857142857142856, 1.2857142857142856, 1.0, 1.2857142857142856, 1.1428571428571428, 1.1428571428571428, 1.1428571428571428, 1.2857142857142856, 1, 1.1428571428571428, 1.2857142857142856, 1.2857142857142856, 1.2857142857142856], [1.0, 1.2857142857142856, 1.0, 1.1428571428571428, 1.2857142857142856, 1.4285714285714286, 1.1428571428571428, 1.0, 1.2857142857142856, 1.1428571428571428, 1.1428571428571428, 1.4285714285714286, 1.2857142857142856, 1.1428571428571428, 1, 1.4285714285714286, 1.1428571428571428, 1.4285714285714286], [1.0, 1.1428571428571428, 1.0, 1.2857142857142856, 1.1428571428571428, 1.1428571428571428, 1.2857142857142856, 1.0, 1.2857142857142856, 1.1428571428571428, 1.1428571428571428, 1.1428571428571428, 1.2857142857142856, 1.2857142857142856, 1.4285714285714286, 1, 1.1428571428571428, 1.5714285714285714], [0.2857142857142857, 0.5357142857142857, 0.2857142857142857, 0.4107142857142857, 0.4107142857142857, 0.4107142857142857, 0.5357142857142857, 0.2857142857142857, 0.4107142857142857, 0.5357142857142857, 1.3392857142857144, 0.4107142857142857, 0.5357142857142857, 0.5357142857142857, 0.4107142857142857, 0.4107142857142857, 1, 1.2142857142857144], [0.4, 0.525, 0.4, 0.775, 0.525, 0.65, 0.525, 0.4, 1.025, 0.65, 1.375, 0.775, 0.775, 0.65, 0.775, 0.9, 1.5, 1]]
通过M获得所有敏感路径入口点覆盖标识cover_flag及敏感路径完全覆盖标识flag
M == 18
[2.0, 2.0, 2.0, 2.0, 2.0, 2.0, 2.0, 2.0, 0.0, 0.0, 0.0, 2.0]
[2.0, 2.0, 0.0, 2.0, 2.0, 2.0, 2.0, 2.0, 2.0, 2.0, 2.0, 2.0]
[0.0, 0.0, 0.0, 2.0, 2.0, 2.0, 2.0, 2.0, 0.0, 0.0, 0.0, 2.0]
[2.0, 2.0, 0.0, 2.0, 2.0, 2.0, 2.0, 2.0, 2.0, 2.0, 2.0, 2.0]
[2.0, 2.0, 0.0, 2.0, 2.0, 2.0, 2.0, 2.0, 2.0, 2.0, 2.0, 2.0]
[2.0, 2.0, 0.0, 2.0, 2.0, 2.0, 2.0, 2.0, 2.0, 2.0, 2.0, 2.0]
[2.0, 2.0, 0.0, 2.0, 2.0, 2.0, 2.0, 2.0, 2.0, 2.0, 2.0, 2.0]
[0.0, 0.0, 0.0, 2.0, 2.0, 2.0, 2.0, 2.0, 0.0, 0.0, 0.0, 2.0]
[2.0, 2.0, 0.0, 2.0, 2.0, 2.0, 2.0, 2.0, 2.0, 2.0, 2.0, 2.0]
[2.0, 2.0, 0.0, 2.0, 2.0, 2.0, 2.0, 2.0, 2.0, 2.0, 2.0, 2.0]
[2.0, 2.0, 0.0, 2.0, 2.0, 2.0, 2.0, 2.0, 2.0, 2.0, 2.0, 0.0]
[2.0, 2.0, 0.0, 2.0, 2.0, 2.0, 2.0, 2.0, 2.0, 2.0, 2.0, 2.0]
[2.0, 2.0, 0.0, 2.0, 2.0, 2.0, 2.0, 2.0, 2.0, 2.0, 2.0, 2.0]
[2.0, 2.0, 0.0, 2.0, 2.0, 2.0, 2.0, 2.0, 2.0, 2.0, 2.0, 2.0]
[2.0, 2.0, 0.0, 2.0, 2.0, 2.0, 2.0, 2.0, 2.0, 2.0, 2.0, 2.0]
[2.0, 2.0, 0.0, 2.0, 2.0, 2.0, 2.0, 2.0, 2.0, 2.0, 2.0, 2.0]
[2.0, 2.0, 0.0, 2.0, 2.0, 2.0, 2.0, 2.0, 2.0, 2.0, 2.0, 2.0]
[2.0, 2.0, 0.0, 2.0, 2.0, 2.0, 2.0, 2.0, 2.0, 2.0, 2.0, 0.0]
统计有多少个个体能使各条path过了入口点但没有完全覆盖的statistic结果 [2, 2, 17, 0, 0, 0, 0, 0, 3, 3, 3, 2]
0 0
('1\xe6\x95\x8f\xe6\x84\x9f\xe8\xb7\xaf\xe5\xbe\x84\xe5\x85\xa5\xe5\x8f\xa3\xe7\x82\xb9\xe8\xa6\x86\xe7\x9b\x96\xe6\xa0\x87\xe8\xaf\x86cover_flag = ', 0)
('1\xe6\x95\x8f\xe6\x84\x9f\xe8\xb7\xaf\xe5\xbe\x84\xe5\xae\x8c\xe5\x85\xa8\xe8\xa6\x86\xe7\x9b\x96\xe6\xa0\x87\xe8\xaf\x86flag = ', 0)
未覆盖的路径数uncoverp： 5
len(M[0]) 12
未覆盖的路径列表 [3, 4, 5, 6, 7]
种群对所有路径的覆盖率 0.583333333333
('\xe6\x95\x8f\xe6\x84\x9f\xe8\xb7\xaf\xe5\xbe\x84\xe5\x85\xa5\xe5\x8f\xa3\xe7\x82\xb9\xe8\xa6\x86\xe7\x9b\x96\xe6\xa0\x87\xe8\xaf\x86cover_flag = ', 0)
('\xe6\x95\x8f\xe6\x84\x9f\xe8\xb7\xaf\xe5\xbe\x84\xe5\xae\x8c\xe5\x85\xa8\xe8\xa6\x86\xe7\x9b\x96\xe6\xa0\x87\xe8\xaf\x86flag = ', 0)
继续全局GA，搜序列
精英选择
pop [['T2', 'T4'], ['T1', 'T15', 'T10'], ['T2', 'T4', 'T3'], ['T1', 'T11', 'T28'], ['T1', 'T5', 'T6', 'T7'], ['T1', 'T5', 'T27', 'T26'], ['T1', 'T12', 'T30', 'T26'], ['T2', 'T4', 'T3', 'T8'], ['T1', 'T11', 'T28', 'T27', 'T28'], ['T1', 'T13', 'T35', 'T36', 'T35'], ['T1', 'T12', 'T18', 'T21', 'T12'], ['T1', 'T5', 'T27', 'T28', 'T6', 'T7'], ['T1', 'T12', 'T30', 'T28', 'T27', 'T26'], ['T1', 'T9', 'T33', 'T20', 'T14', 'T11', 'T26'], ['T1', 'T5', 'T27', 'T29', 'T23', 'T24', 'T10'], ['T1', 'T11', 'T29', 'T31', 'T32', 'T30', 'T29'], ['T1', 'T15', 'T12', 'T18', 'T21', 'T13', 'T19', 'T9'], ['T1', 'T11', 'T28', 'T27', 'T29', 'T18', 'T21', 'T13']]
List_global_fitness [3, 1, 6, 1, 1, 1, 1, 6, 1, 1, 2, 1, 1, 1, 1, 1, 1, 2] 18
=======全局精英信息========：
elitist_seq 7 [['T2', 'T4'], ['T2', 'T4'], ['T2', 'T4'], ['T1', 'T15', 'T10'], ['T2', 'T4', 'T3'], ['T2', 'T4', 'T3'], ['T1', 'T12', 'T18', 'T21', 'T12']]
elitist_data 7 [['fvRQEw', 'xMRwJW', 'fnFEtC', 'RYgXJF', 'zOlwgA', 'UufYJs', 'VqXJYW', 'PWIIOQ', 7131], ['fvRQEw', 'xMRwJW', 'fnFEtC', 'RYgXJF', 'zOlwgA', 'UufYJs', 'VqXJYW', 'PWIIOQ', 7131], ['fvRQEw', 'xMRwJW', 'fnFEtC', 'RYgXJF', 'zOlwgA', 'UufYJs', 'VqXJYW', 'PWIIOQ', 7131], ['KntSLU', 'oLWiDI'], ['njsFVr', 'OIVuqF', 'RRDUKW', 'Kdmnei', 'THeuDb', 'qCwalm', 'dMCFzB', 'afHtEZ', 2248, 'SaLkdK', 'MIULNJ', 'IKTfKo', 'TjvysM', 'JOJJhz', 'SXzDmG', 'QfEYoi', 'hSSCSk', 2096], ['njsFVr', 'OIVuqF', 'RRDUKW', 'Kdmnei', 'THeuDb', 'qCwalm', 'dMCFzB', 'afHtEZ', 2248, 'SaLkdK', 'MIULNJ', 'IKTfKo', 'TjvysM', 'JOJJhz', 'SXzDmG', 'QfEYoi', 'hSSCSk', 2096], ['GqDAmL', 'CHFZEH', 'nunbxm', 'DvEPDh', 'cEcSgm']]
e_fitness_list 7 [3, 3, 3, 1, 6, 6, 2]
elitist_path 7 [8, 9, 10, 2, 0, 1, 11] elitist_M 7 [[2.0, 2.0, 2.0, 2.0, 2.0, 2.0, 2.0, 2.0, 0.0, 0.0, 0.0, 2.0], [2.0, 2.0, 2.0, 2.0, 2.0, 2.0, 2.0, 2.0, 0.0, 0.0, 0.0, 2.0], [2.0, 2.0, 2.0, 2.0, 2.0, 2.0, 2.0, 2.0, 0.0, 0.0, 0.0, 2.0], [2.0, 2.0, 0.0, 2.0, 2.0, 2.0, 2.0, 2.0, 2.0, 2.0, 2.0, 2.0], [0.0, 0.0, 0.0, 2.0, 2.0, 2.0, 2.0, 2.0, 0.0, 0.0, 0.0, 2.0], [0.0, 0.0, 0.0, 2.0, 2.0, 2.0, 2.0, 2.0, 0.0, 0.0, 0.0, 2.0], [2.0, 2.0, 0.0, 2.0, 2.0, 2.0, 2.0, 2.0, 2.0, 2.0, 2.0, 0.0]]
开始选择操作
所有个体fitness列表 18 [0.09375, 0.125, 0.3125, 0.34375, 0.375, 0.40625, 0.4375, 0.625, 0.65625, 0.6875, 0.75, 0.78125, 0.8125, 0.84375, 0.875, 0.90625, 0.9375, 1.0]
选择操作结束
开始交叉操作
交叉操作结束
 开始变异操作
 变异2
 变异迁移 T3
 变异迁移 T4
 变异迁移 T3
 变异迁移 T2
 变异迁移 T4
 变异迁移 T4
 变异3
T2 ['T1'] ['T1']
 变异3
T12 ['T5', 'T8', 'T9', 'T10', 'T11', 'T13', 'T14', 'T15', 'T25'] ['T5', 'T8', 'T9', 'T10', 'T11', 'T13', 'T14', 'T15', 'T25']
 变异1
 变异迁移 T11
 变异迁移的候选集 []
 变异迁移 T28
 变异迁移的候选集 []
 变异迁移 T27
 变异迁移的候选集 []
 变异迁移 T29
 变异迁移的候选集 []
 变异迁移 T18
 变异迁移的候选集 []
 变异迁移 T21
 变异迁移的候选集 []
 变异3
T5 ['T8', 'T9', 'T10', 'T11', 'T12', 'T13', 'T14', 'T15', 'T25'] ['T8', 'T9', 'T10', 'T11', 'T12', 'T13', 'T14', 'T15', 'T25']
 变异操作结束
执行新产生的个体集合
第 1 个测试用例 ['T2', 'T4', 'T3'] 3
('\xe5\xbd\x93\xe5\x89\x8d\xe8\xbf\x81\xe7\xa7\xbb\xe4\xb8\x8a\xe5\x8e\x9f\xe5\xa7\x8b\xe5\xae\x9a\xe4\xb9\x89\xe5\x8f\x98\xe9\x87\x8foriginaDef', ['txtFirstName', 'txtLastName', 'txtNick', 'pwdPassword', 'pwdPassword2', 'rdoHistory', 'rdoHistorylayout', 'rdoTheme', 'txtReload', 'txtFirstName', 'txtLastName', 'txtNick', 'pwdPassword', 'pwdPassword2', 'rdoHistory', 'rdoHistorylayout', 'rdoTheme', 'txtReload'])
T2
T4
T3
endTime - startTime运行该测试用例用时:	0:00:07.050000
该测试用例覆盖的路径fit {'echo3': 0.0, 'reload': 0.0, 'echo1': 0.0, 'echo2': 0.0, 'samename': 0.0, 'login': 0.0}
('the number of sensitive path---numSPcol:', 12)
[0.0, 0.0, 0.0, 2.0, 2.0, 2.0, 2.0, 2.0, 0.0, 0.0, 0.0, 2.0] 6 个体覆盖率 0.5
第 2 个测试用例 ['T1', 'T9', 'T32', 'T30', 'T29', 'T23'] 6
('\xe5\xbd\x93\xe5\x89\x8d\xe8\xbf\x81\xe7\xa7\xbb\xe4\xb8\x8a\xe5\x8e\x9f\xe5\xa7\x8b\xe5\xae\x9a\xe4\xb9\x89\xe5\x8f\x98\xe9\x87\x8foriginaDef', ['txtNick', 'pwdPassword'])
T1
T9
T32
T30
T29
T23
endTime - startTime运行该测试用例用时:	0:00:38.647000
该测试用例覆盖的路径fit {'login': 0.0}
('the number of sensitive path---numSPcol:', 12)
[2.0, 2.0, 0.0, 2.0, 2.0, 2.0, 2.0, 2.0, 2.0, 2.0, 2.0, 2.0] 1 个体覆盖率 0.0833333333333
第 3 个测试用例 ['T1', 'T11', 'T29', 'T23', 'T24', 'T15'] 6
('\xe5\xbd\x93\xe5\x89\x8d\xe8\xbf\x81\xe7\xa7\xbb\xe4\xb8\x8a\xe5\x8e\x9f\xe5\xa7\x8b\xe5\xae\x9a\xe4\xb9\x89\xe5\x8f\x98\xe9\x87\x8foriginaDef', ['txtNick', 'pwdPassword'])
T1
T11
T29
T23
endTime - startTime运行该测试用例用时:	0:00:36.233000
该测试用例覆盖的路径fit {'login': 0.0}
('the number of sensitive path---numSPcol:', 12)
[2.0, 2.0, 0.0, 2.0, 2.0, 2.0, 2.0, 2.0, 2.0, 2.0, 2.0, 2.0] 1 个体覆盖率 0.0833333333333
第 4 个测试用例 ['T1', 'T11', 'T28', 'T27', 'T29', 'T18', 'T21', 'T13'] 8
('\xe5\xbd\x93\xe5\x89\x8d\xe8\xbf\x81\xe7\xa7\xbb\xe4\xb8\x8a\xe5\x8e\x9f\xe5\xa7\x8b\xe5\xae\x9a\xe4\xb9\x89\xe5\x8f\x98\xe9\x87\x8foriginaDef', ['txtNick', 'pwdPassword', 'player', 'txtTitle', 'txtMessage'])
T1
T11
T28
T27
T29
T18
T21
T13
endTime - startTime运行该测试用例用时:	0:00:22.181000
该测试用例覆盖的路径fit {'login': 0.0, 'sendmessage': 0.0}
('the number of sensitive path---numSPcol:', 12)
[2.0, 2.0, 0.0, 2.0, 2.0, 2.0, 2.0, 2.0, 2.0, 2.0, 2.0, 0.0] 2 个体覆盖率 0.166666666667
开始更新操作
将fitness排序，从大到小，遍历后更新的newpop 2 [['T2', 'T4', 'T3'], ['T1', 'T11', 'T28', 'T27', 'T29', 'T18', 'T21', 'T13']]
当前newpop已经覆盖的路径 7 [0, 1, 2, 8, 9, 10, 11]
更新结束：
newpop 18 [['T2', 'T4', 'T3'], ['T1', 'T11', 'T28', 'T27', 'T29', 'T18', 'T21', 'T13'], ['T1', 'T12', 'T18', 'T21', 'T12'], ['T1', 'T11', 'T29', 'T31', 'T32', 'T30', 'T29'], ['T1', 'T11', 'T28', 'T27', 'T28'], ['T1', 'T12', 'T30', 'T28', 'T27', 'T26'], ['T1', 'T11', 'T28', 'T27', 'T29', 'T18', 'T21', 'T13'], ['T1', 'T9', 'T32', 'T30', 'T29', 'T23'], ['T1', 'T13', 'T35', 'T36', 'T35'], ['T1', 'T9', 'T33', 'T20', 'T14', 'T11', 'T26'], ['T2', 'T4'], ['T2', 'T4', 'T3'], ['T2', 'T4', 'T3', 'T8'], ['T1', 'T15', 'T10'], ['T1', 'T5', 'T27', 'T28', 'T6', 'T7'], ['T1', 'T11', 'T29', 'T23', 'T24', 'T15'], ['T1', 'T5', 'T27', 'T26'], ['T1', 'T5', 'T27', 'T29', 'T23', 'T24', 'T10']]
新种群： 18 [['T2', 'T4', 'T3'], ['T1', 'T11', 'T28', 'T27', 'T29', 'T18', 'T21', 'T13'], ['T1', 'T12', 'T18', 'T21', 'T12'], ['T1', 'T11', 'T29', 'T31', 'T32', 'T30', 'T29'], ['T1', 'T11', 'T28', 'T27', 'T28'], ['T1', 'T12', 'T30', 'T28', 'T27', 'T26'], ['T1', 'T11', 'T28', 'T27', 'T29', 'T18', 'T21', 'T13'], ['T1', 'T9', 'T32', 'T30', 'T29', 'T23'], ['T1', 'T13', 'T35', 'T36', 'T35'], ['T1', 'T9', 'T33', 'T20', 'T14', 'T11', 'T26'], ['T2', 'T4'], ['T2', 'T4', 'T3'], ['T2', 'T4', 'T3', 'T8'], ['T1', 'T15', 'T10'], ['T1', 'T5', 'T27', 'T28', 'T6', 'T7'], ['T1', 'T11', 'T29', 'T23', 'T24', 'T15'], ['T1', 'T5', 'T27', 'T26'], ['T1', 'T5', 'T27', 'T29', 'T23', 'T24', 'T10']]
M == 18
[0.0, 0.0, 0.0, 2.0, 2.0, 2.0, 2.0, 2.0, 0.0, 0.0, 0.0, 2.0]
[2.0, 2.0, 0.0, 2.0, 2.0, 2.0, 2.0, 2.0, 2.0, 2.0, 2.0, 0.0]
[2.0, 2.0, 0.0, 2.0, 2.0, 2.0, 2.0, 2.0, 2.0, 2.0, 2.0, 0.0]
[2.0, 2.0, 0.0, 2.0, 2.0, 2.0, 2.0, 2.0, 2.0, 2.0, 2.0, 2.0]
[2.0, 2.0, 0.0, 2.0, 2.0, 2.0, 2.0, 2.0, 2.0, 2.0, 2.0, 2.0]
[2.0, 2.0, 0.0, 2.0, 2.0, 2.0, 2.0, 2.0, 2.0, 2.0, 2.0, 2.0]
[2.0, 2.0, 0.0, 2.0, 2.0, 2.0, 2.0, 2.0, 2.0, 2.0, 2.0, 0.0]
[2.0, 2.0, 0.0, 2.0, 2.0, 2.0, 2.0, 2.0, 2.0, 2.0, 2.0, 2.0]
[2.0, 2.0, 0.0, 2.0, 2.0, 2.0, 2.0, 2.0, 2.0, 2.0, 2.0, 2.0]
[2.0, 2.0, 0.0, 2.0, 2.0, 2.0, 2.0, 2.0, 2.0, 2.0, 2.0, 2.0]
[2.0, 2.0, 2.0, 2.0, 2.0, 2.0, 2.0, 2.0, 0.0, 0.0, 0.0, 2.0]
[0.0, 0.0, 0.0, 2.0, 2.0, 2.0, 2.0, 2.0, 0.0, 0.0, 0.0, 2.0]
[0.0, 0.0, 0.0, 2.0, 2.0, 2.0, 2.0, 2.0, 0.0, 0.0, 0.0, 2.0]
[2.0, 2.0, 0.0, 2.0, 2.0, 2.0, 2.0, 2.0, 2.0, 2.0, 2.0, 2.0]
[2.0, 2.0, 0.0, 2.0, 2.0, 2.0, 2.0, 2.0, 2.0, 2.0, 2.0, 2.0]
[2.0, 2.0, 0.0, 2.0, 2.0, 2.0, 2.0, 2.0, 2.0, 2.0, 2.0, 2.0]
[2.0, 2.0, 0.0, 2.0, 2.0, 2.0, 2.0, 2.0, 2.0, 2.0, 2.0, 2.0]
[2.0, 2.0, 0.0, 2.0, 2.0, 2.0, 2.0, 2.0, 2.0, 2.0, 2.0, 2.0]
统计有多少个个体能使各条path过了入口点但没有完全覆盖的statistic结果 [3, 3, 17, 0, 0, 0, 0, 0, 4, 4, 4, 3]
0 0
未覆盖的路径数uncoverp： 5
len(M[0]) 12
未覆盖的路径列表 [3, 4, 5, 6, 7]
种群对所有路径的覆盖率 0.583333333333
('\xe6\x95\x8f\xe6\x84\x9f\xe8\xb7\xaf\xe5\xbe\x84\xe5\x85\xa5\xe5\x8f\xa3\xe7\x82\xb9\xe8\xa6\x86\xe7\x9b\x96\xe6\xa0\x87\xe8\xaf\x86cover_flag = ', 0)
('\xe6\x95\x8f\xe6\x84\x9f\xe8\xb7\xaf\xe5\xbe\x84\xe5\xae\x8c\xe5\x85\xa8\xe8\xa6\x86\xe7\x9b\x96\xe6\xa0\x87\xe8\xaf\x86flag = ', 0)
继续全局GA，搜序列
精英选择
pop [['T2', 'T4', 'T3'], ['T1', 'T11', 'T28', 'T27', 'T29', 'T18', 'T21', 'T13'], ['T1', 'T12', 'T18', 'T21', 'T12'], ['T1', 'T11', 'T29', 'T31', 'T32', 'T30', 'T29'], ['T1', 'T11', 'T28', 'T27', 'T28'], ['T1', 'T12', 'T30', 'T28', 'T27', 'T26'], ['T1', 'T11', 'T28', 'T27', 'T29', 'T18', 'T21', 'T13'], ['T1', 'T9', 'T32', 'T30', 'T29', 'T23'], ['T1', 'T13', 'T35', 'T36', 'T35'], ['T1', 'T9', 'T33', 'T20', 'T14', 'T11', 'T26'], ['T2', 'T4'], ['T2', 'T4', 'T3'], ['T2', 'T4', 'T3', 'T8'], ['T1', 'T15', 'T10'], ['T1', 'T5', 'T27', 'T28', 'T6', 'T7'], ['T1', 'T11', 'T29', 'T23', 'T24', 'T15'], ['T1', 'T5', 'T27', 'T26'], ['T1', 'T5', 'T27', 'T29', 'T23', 'T24', 'T10']]
List_global_fitness [6, 2, 2, 1, 1, 1, 2, 1, 1, 1, 3, 6, 6, 1, 1, 1, 1, 1] 18
=======全局精英信息========：
elitist_seq 7 [['T2', 'T4'], ['T2', 'T4'], ['T2', 'T4'], ['T1', 'T15', 'T10'], ['T2', 'T4', 'T3'], ['T2', 'T4', 'T3'], ['T1', 'T12', 'T18', 'T21', 'T12']]
elitist_data 7 [['fvRQEw', 'xMRwJW', 'fnFEtC', 'RYgXJF', 'zOlwgA', 'UufYJs', 'VqXJYW', 'PWIIOQ', 7131], ['fvRQEw', 'xMRwJW', 'fnFEtC', 'RYgXJF', 'zOlwgA', 'UufYJs', 'VqXJYW', 'PWIIOQ', 7131], ['fvRQEw', 'xMRwJW', 'fnFEtC', 'RYgXJF', 'zOlwgA', 'UufYJs', 'VqXJYW', 'PWIIOQ', 7131], ['KntSLU', 'oLWiDI'], ['njsFVr', 'OIVuqF', 'RRDUKW', 'Kdmnei', 'THeuDb', 'qCwalm', 'dMCFzB', 'afHtEZ', 2248, 'SaLkdK', 'MIULNJ', 'IKTfKo', 'TjvysM', 'JOJJhz', 'SXzDmG', 'QfEYoi', 'hSSCSk', 2096], ['njsFVr', 'OIVuqF', 'RRDUKW', 'Kdmnei', 'THeuDb', 'qCwalm', 'dMCFzB', 'afHtEZ', 2248, 'SaLkdK', 'MIULNJ', 'IKTfKo', 'TjvysM', 'JOJJhz', 'SXzDmG', 'QfEYoi', 'hSSCSk', 2096], ['GqDAmL', 'CHFZEH', 'nunbxm', 'DvEPDh', 'cEcSgm']]
e_fitness_list 7 [3, 3, 3, 1, 6, 6, 2]
elitist_path 7 [8, 9, 10, 2, 0, 1, 11] elitist_M 7 [[2.0, 2.0, 2.0, 2.0, 2.0, 2.0, 2.0, 2.0, 0.0, 0.0, 0.0, 2.0], [2.0, 2.0, 2.0, 2.0, 2.0, 2.0, 2.0, 2.0, 0.0, 0.0, 0.0, 2.0], [2.0, 2.0, 2.0, 2.0, 2.0, 2.0, 2.0, 2.0, 0.0, 0.0, 0.0, 2.0], [2.0, 2.0, 0.0, 2.0, 2.0, 2.0, 2.0, 2.0, 2.0, 2.0, 2.0, 2.0], [0.0, 0.0, 0.0, 2.0, 2.0, 2.0, 2.0, 2.0, 0.0, 0.0, 0.0, 2.0], [0.0, 0.0, 0.0, 2.0, 2.0, 2.0, 2.0, 2.0, 0.0, 0.0, 0.0, 2.0], [2.0, 2.0, 0.0, 2.0, 2.0, 2.0, 2.0, 2.0, 2.0, 2.0, 2.0, 0.0]]
开始选择操作
所有个体fitness列表 18 [0.15789473684210525, 0.21052631578947367, 0.2631578947368421, 0.2894736842105263, 0.3157894736842105, 0.3421052631578947, 0.3947368421052631, 0.42105263157894735, 0.4473684210526315, 0.4736842105263157, 0.5526315789473684, 0.7105263157894737, 0.868421052631579, 0.8947368421052632, 0.9210526315789473, 0.9473684210526315, 0.9736842105263157, 0.9999999999999999]
选择操作结束
开始交叉操作
交叉操作结束
 开始变异操作
 变异1
 变异迁移 T11
 变异迁移的候选集 []
 变异迁移 T28
 变异迁移的候选集 []
 变异迁移 T27
 变异迁移的候选集 []
 变异迁移 T29
 变异迁移的候选集 []
 变异迁移 T18
 变异迁移的候选集 []
 变异迁移 T21
 变异迁移的候选集 []
 变异3
T2 ['T1'] ['T1']
 变异3
T2 ['T1'] ['T1']
 变异操作结束
执行新产生的个体集合
第 1 个测试用例 ['T1', 'T11', 'T28', 'T27', 'T29', 'T18', 'T21', 'T13'] 8
('\xe5\xbd\x93\xe5\x89\x8d\xe8\xbf\x81\xe7\xa7\xbb\xe4\xb8\x8a\xe5\x8e\x9f\xe5\xa7\x8b\xe5\xae\x9a\xe4\xb9\x89\xe5\x8f\x98\xe9\x87\x8foriginaDef', ['txtNick', 'pwdPassword', 'player', 'txtTitle', 'txtMessage'])
T1
T11
T28
T27
T29
T18
T21
T13
endTime - startTime运行该测试用例用时:	0:00:21.945000
该测试用例覆盖的路径fit {'login': 0.0, 'sendmessage': 0.0}
('the number of sensitive path---numSPcol:', 12)
[2.0, 2.0, 0.0, 2.0, 2.0, 2.0, 2.0, 2.0, 2.0, 2.0, 2.0, 0.0] 2 个体覆盖率 0.166666666667
第 2 个测试用例 ['T1', 'T12', 'T18', 'T21', 'T14', 'T15'] 6
('\xe5\xbd\x93\xe5\x89\x8d\xe8\xbf\x81\xe7\xa7\xbb\xe4\xb8\x8a\xe5\x8e\x9f\xe5\xa7\x8b\xe5\xae\x9a\xe4\xb9\x89\xe5\x8f\x98\xe9\x87\x8foriginaDef', ['txtNick', 'pwdPassword', 'player', 'txtTitle', 'txtMessage'])
T1
T12
T18
T21
T14
T15
endTime - startTime运行该测试用例用时:	0:00:19.087000
该测试用例覆盖的路径fit {'login': 0.0, 'sendmessage': 0.0}
('the number of sensitive path---numSPcol:', 12)
[2.0, 2.0, 0.0, 2.0, 2.0, 2.0, 2.0, 2.0, 2.0, 2.0, 2.0, 0.0] 2 个体覆盖率 0.166666666667
第 3 个测试用例 ['T1', 'T11', 'T26'] 3
('\xe5\xbd\x93\xe5\x89\x8d\xe8\xbf\x81\xe7\xa7\xbb\xe4\xb8\x8a\xe5\x8e\x9f\xe5\xa7\x8b\xe5\xae\x9a\xe4\xb9\x89\xe5\x8f\x98\xe9\x87\x8foriginaDef', ['txtNick', 'pwdPassword'])
T1
T11
T26
endTime - startTime运行该测试用例用时:	0:00:06.109000
该测试用例覆盖的路径fit {}
('the number of sensitive path---numSPcol:', 12)
[2.0, 2.0, 2.0, 2.0, 2.0, 2.0, 2.0, 2.0, 2.0, 2.0, 2.0, 2.0] 0 个体覆盖率 0.0
开始更新操作
将fitness排序，从大到小，遍历后更新的newpop 2 [['T2', 'T4', 'T3'], ['T1', 'T11', 'T28', 'T27', 'T29', 'T18', 'T21', 'T13']]
当前newpop已经覆盖的路径 7 [0, 1, 2, 8, 9, 10, 11]
更新结束：
newpop 18 [['T2', 'T4', 'T3'], ['T1', 'T11', 'T28', 'T27', 'T29', 'T18', 'T21', 'T13'], ['T2', 'T4'], ['T2', 'T4', 'T3', 'T8'], ['T1', 'T11', 'T29', 'T23', 'T24', 'T15'], ['T1', 'T13', 'T35', 'T36', 'T35'], ['T1', 'T12', 'T18', 'T21', 'T14', 'T15'], ['T1', 'T9', 'T33', 'T20', 'T14', 'T11', 'T26'], ['T1', 'T11', 'T26'], ['T1', 'T11', 'T28', 'T27', 'T29', 'T18', 'T21', 'T13'], ['T1', 'T5', 'T27', 'T28', 'T6', 'T7'], ['T1', 'T15', 'T10'], ['T1', 'T11', 'T28', 'T27', 'T29', 'T18', 'T21', 'T13'], ['T1', 'T12', 'T30', 'T28', 'T27', 'T26'], ['T1', 'T9', 'T32', 'T30', 'T29', 'T23'], ['T1', 'T11', 'T28', 'T27', 'T28'], ['T1', 'T5', 'T27', 'T29', 'T23', 'T24', 'T10'], ['T1', 'T5', 'T27', 'T26']]
新种群： 18 [['T2', 'T4', 'T3'], ['T1', 'T11', 'T28', 'T27', 'T29', 'T18', 'T21', 'T13'], ['T2', 'T4'], ['T2', 'T4', 'T3', 'T8'], ['T1', 'T11', 'T29', 'T23', 'T24', 'T15'], ['T1', 'T13', 'T35', 'T36', 'T35'], ['T1', 'T12', 'T18', 'T21', 'T14', 'T15'], ['T1', 'T9', 'T33', 'T20', 'T14', 'T11', 'T26'], ['T1', 'T11', 'T26'], ['T1', 'T11', 'T28', 'T27', 'T29', 'T18', 'T21', 'T13'], ['T1', 'T5', 'T27', 'T28', 'T6', 'T7'], ['T1', 'T15', 'T10'], ['T1', 'T11', 'T28', 'T27', 'T29', 'T18', 'T21', 'T13'], ['T1', 'T12', 'T30', 'T28', 'T27', 'T26'], ['T1', 'T9', 'T32', 'T30', 'T29', 'T23'], ['T1', 'T11', 'T28', 'T27', 'T28'], ['T1', 'T5', 'T27', 'T29', 'T23', 'T24', 'T10'], ['T1', 'T5', 'T27', 'T26']]
M == 18
[0.0, 0.0, 0.0, 2.0, 2.0, 2.0, 2.0, 2.0, 0.0, 0.0, 0.0, 2.0]
[2.0, 2.0, 0.0, 2.0, 2.0, 2.0, 2.0, 2.0, 2.0, 2.0, 2.0, 0.0]
[2.0, 2.0, 2.0, 2.0, 2.0, 2.0, 2.0, 2.0, 0.0, 0.0, 0.0, 2.0]
[0.0, 0.0, 0.0, 2.0, 2.0, 2.0, 2.0, 2.0, 0.0, 0.0, 0.0, 2.0]
[2.0, 2.0, 0.0, 2.0, 2.0, 2.0, 2.0, 2.0, 2.0, 2.0, 2.0, 2.0]
[2.0, 2.0, 0.0, 2.0, 2.0, 2.0, 2.0, 2.0, 2.0, 2.0, 2.0, 2.0]
[2.0, 2.0, 0.0, 2.0, 2.0, 2.0, 2.0, 2.0, 2.0, 2.0, 2.0, 0.0]
[2.0, 2.0, 0.0, 2.0, 2.0, 2.0, 2.0, 2.0, 2.0, 2.0, 2.0, 2.0]
[2.0, 2.0, 2.0, 2.0, 2.0, 2.0, 2.0, 2.0, 2.0, 2.0, 2.0, 2.0]
[2.0, 2.0, 0.0, 2.0, 2.0, 2.0, 2.0, 2.0, 2.0, 2.0, 2.0, 0.0]
[2.0, 2.0, 0.0, 2.0, 2.0, 2.0, 2.0, 2.0, 2.0, 2.0, 2.0, 2.0]
[2.0, 2.0, 0.0, 2.0, 2.0, 2.0, 2.0, 2.0, 2.0, 2.0, 2.0, 2.0]
[2.0, 2.0, 0.0, 2.0, 2.0, 2.0, 2.0, 2.0, 2.0, 2.0, 2.0, 0.0]
[2.0, 2.0, 0.0, 2.0, 2.0, 2.0, 2.0, 2.0, 2.0, 2.0, 2.0, 2.0]
[2.0, 2.0, 0.0, 2.0, 2.0, 2.0, 2.0, 2.0, 2.0, 2.0, 2.0, 2.0]
[2.0, 2.0, 0.0, 2.0, 2.0, 2.0, 2.0, 2.0, 2.0, 2.0, 2.0, 2.0]
[2.0, 2.0, 0.0, 2.0, 2.0, 2.0, 2.0, 2.0, 2.0, 2.0, 2.0, 2.0]
[2.0, 2.0, 0.0, 2.0, 2.0, 2.0, 2.0, 2.0, 2.0, 2.0, 2.0, 2.0]
统计有多少个个体能使各条path过了入口点但没有完全覆盖的statistic结果 [2, 2, 16, 0, 0, 0, 0, 0, 3, 3, 3, 4]
0 0
未覆盖的路径数uncoverp： 5
len(M[0]) 12
未覆盖的路径列表 [3, 4, 5, 6, 7]
种群对所有路径的覆盖率 0.583333333333
('\xe6\x95\x8f\xe6\x84\x9f\xe8\xb7\xaf\xe5\xbe\x84\xe5\x85\xa5\xe5\x8f\xa3\xe7\x82\xb9\xe8\xa6\x86\xe7\x9b\x96\xe6\xa0\x87\xe8\xaf\x86cover_flag = ', 0)
('\xe6\x95\x8f\xe6\x84\x9f\xe8\xb7\xaf\xe5\xbe\x84\xe5\xae\x8c\xe5\x85\xa8\xe8\xa6\x86\xe7\x9b\x96\xe6\xa0\x87\xe8\xaf\x86flag = ', 0)
继续全局GA，搜序列
精英选择
pop [['T2', 'T4', 'T3'], ['T1', 'T11', 'T28', 'T27', 'T29', 'T18', 'T21', 'T13'], ['T2', 'T4'], ['T2', 'T4', 'T3', 'T8'], ['T1', 'T11', 'T29', 'T23', 'T24', 'T15'], ['T1', 'T13', 'T35', 'T36', 'T35'], ['T1', 'T12', 'T18', 'T21', 'T14', 'T15'], ['T1', 'T9', 'T33', 'T20', 'T14', 'T11', 'T26'], ['T1', 'T11', 'T26'], ['T1', 'T11', 'T28', 'T27', 'T29', 'T18', 'T21', 'T13'], ['T1', 'T5', 'T27', 'T28', 'T6', 'T7'], ['T1', 'T15', 'T10'], ['T1', 'T11', 'T28', 'T27', 'T29', 'T18', 'T21', 'T13'], ['T1', 'T12', 'T30', 'T28', 'T27', 'T26'], ['T1', 'T9', 'T32', 'T30', 'T29', 'T23'], ['T1', 'T11', 'T28', 'T27', 'T28'], ['T1', 'T5', 'T27', 'T29', 'T23', 'T24', 'T10'], ['T1', 'T5', 'T27', 'T26']]
List_global_fitness [6, 2, 3, 6, 1, 1, 2, 1, 0, 2, 1, 1, 2, 1, 1, 1, 1, 1] 18
=======全局精英信息========：
elitist_seq 7 [['T2', 'T4'], ['T2', 'T4'], ['T2', 'T4'], ['T1', 'T15', 'T10'], ['T2', 'T4', 'T3'], ['T2', 'T4', 'T3'], ['T1', 'T12', 'T18', 'T21', 'T12']]
elitist_data 7 [['fvRQEw', 'xMRwJW', 'fnFEtC', 'RYgXJF', 'zOlwgA', 'UufYJs', 'VqXJYW', 'PWIIOQ', 7131], ['fvRQEw', 'xMRwJW', 'fnFEtC', 'RYgXJF', 'zOlwgA', 'UufYJs', 'VqXJYW', 'PWIIOQ', 7131], ['fvRQEw', 'xMRwJW', 'fnFEtC', 'RYgXJF', 'zOlwgA', 'UufYJs', 'VqXJYW', 'PWIIOQ', 7131], ['KntSLU', 'oLWiDI'], ['njsFVr', 'OIVuqF', 'RRDUKW', 'Kdmnei', 'THeuDb', 'qCwalm', 'dMCFzB', 'afHtEZ', 2248, 'SaLkdK', 'MIULNJ', 'IKTfKo', 'TjvysM', 'JOJJhz', 'SXzDmG', 'QfEYoi', 'hSSCSk', 2096], ['njsFVr', 'OIVuqF', 'RRDUKW', 'Kdmnei', 'THeuDb', 'qCwalm', 'dMCFzB', 'afHtEZ', 2248, 'SaLkdK', 'MIULNJ', 'IKTfKo', 'TjvysM', 'JOJJhz', 'SXzDmG', 'QfEYoi', 'hSSCSk', 2096], ['GqDAmL', 'CHFZEH', 'nunbxm', 'DvEPDh', 'cEcSgm']]
e_fitness_list 7 [3, 3, 3, 1, 6, 6, 2]
elitist_path 7 [8, 9, 10, 2, 0, 1, 11] elitist_M 7 [[2.0, 2.0, 2.0, 2.0, 2.0, 2.0, 2.0, 2.0, 0.0, 0.0, 0.0, 2.0], [2.0, 2.0, 2.0, 2.0, 2.0, 2.0, 2.0, 2.0, 0.0, 0.0, 0.0, 2.0], [2.0, 2.0, 2.0, 2.0, 2.0, 2.0, 2.0, 2.0, 0.0, 0.0, 0.0, 2.0], [2.0, 2.0, 0.0, 2.0, 2.0, 2.0, 2.0, 2.0, 2.0, 2.0, 2.0, 2.0], [0.0, 0.0, 0.0, 2.0, 2.0, 2.0, 2.0, 2.0, 0.0, 0.0, 0.0, 2.0], [0.0, 0.0, 0.0, 2.0, 2.0, 2.0, 2.0, 2.0, 0.0, 0.0, 0.0, 2.0], [2.0, 2.0, 0.0, 2.0, 2.0, 2.0, 2.0, 2.0, 2.0, 2.0, 2.0, 0.0]]
开始选择操作
所有个体fitness列表 18 [0.18181818181818182, 0.24242424242424243, 0.33333333333333337, 0.5151515151515151, 0.5454545454545454, 0.5757575757575757, 0.6363636363636362, 0.6666666666666665, 0.6666666666666665, 0.7272727272727271, 0.7575757575757573, 0.7878787878787876, 0.8484848484848482, 0.8787878787878785, 0.9090909090909087, 0.939393939393939, 0.9696969696969693, 0.9999999999999996]
选择操作结束
开始交叉操作
交叉操作结束
 开始变异操作
 变异2
 变异迁移 T2
 变异迁移 T4
 变异迁移 T4
 变异迁移 T4
 变异迁移 T2
 变异迁移 T4
 变异1
 变异迁移 T4
 变异迁移的候选集 []
 变异3
T11 ['T5', 'T8', 'T9', 'T10', 'T12', 'T13', 'T14', 'T15', 'T25'] ['T5', 'T8', 'T9', 'T10', 'T12', 'T13', 'T14', 'T15', 'T25']
 变异2
 变异迁移 T27
 变异迁移 T11
 变异迁移 T11
 变异迁移 T11
 变异迁移 T11
 变异迁移 T1
 变异操作结束
执行新产生的个体集合
第 1 个测试用例 ['T2', 'T4'] 2
('\xe5\xbd\x93\xe5\x89\x8d\xe8\xbf\x81\xe7\xa7\xbb\xe4\xb8\x8a\xe5\x8e\x9f\xe5\xa7\x8b\xe5\xae\x9a\xe4\xb9\x89\xe5\x8f\x98\xe9\x87\x8foriginaDef', ['txtFirstName', 'txtLastName', 'txtNick', 'pwdPassword', 'pwdPassword2', 'rdoHistory', 'rdoHistorylayout', 'rdoTheme', 'txtReload'])
T2
T4
endTime - startTime运行该测试用例用时:	0:00:02.764000
